time	V(n002)	V(n003)
0.000000000000000e+00	0.000000e+00	0.000000e+00
9.999999717180685e-10	1.592782e-12	3.009217e-14
1.999999943436137e-09	3.187400e-12	7.920661e-14
1.036449038722702e-06	1.638986e-09	1.570348e-09
2.070898077501967e-06	3.386824e-09	3.267097e-09
3.105347116281233e-06	5.246701e-09	5.090326e-09
4.139796155060499e-06	7.218618e-09	7.040035e-09
5.174245193839765e-06	9.302575e-09	9.116224e-09
6.208694232619030e-06	1.149857e-08	1.131889e-08
7.243143271398294e-06	1.380661e-08	1.364804e-08
1.036618208008852e-05	2.280558e-08	2.257148e-08
1.304281596308792e-05	3.463378e-08	3.425915e-08
1.535950948187977e-05	5.153423e-08	5.091313e-08
1.747231084825248e-05	7.770824e-08	7.665944e-08
1.947743463301141e-05	1.202882e-07	1.184983e-07
2.142081339225093e-05	1.924620e-07	1.893709e-07
2.346584995841354e-05	3.248268e-07	3.193009e-07
2.536965160221562e-05	5.414132e-07	5.318537e-07
2.731168984616042e-05	9.265409e-07	9.097562e-07
2.916864916825870e-05	1.566749e-06	1.537902e-06
3.105092044162448e-05	2.687532e-06	2.637516e-06
3.288708750525158e-05	4.572598e-06	4.486930e-06
3.474165583378339e-05	7.843796e-06	7.696229e-06
3.657148959500468e-05	1.338536e-05	1.313295e-05
3.841463867998912e-05	2.295079e-05	2.251754e-05
4.024525846223628e-05	3.922355e-05	3.848321e-05
4.208673660994213e-05	6.721831e-05	6.595136e-05
4.392465975460894e-05	1.149490e-04	1.127892e-04
4.577577617372973e-05	1.968714e-04	1.931935e-04
4.763558481618600e-05	3.366811e-04	3.304534e-04
4.952184559960932e-05	5.762207e-04	5.657368e-04
5.144444503536371e-05	9.853669e-04	9.679122e-04
5.343590075539097e-05	1.687232e-03	1.658576e-03
5.553826806701820e-05	2.895942e-03	2.849777e-03
5.783284095929101e-05	5.008200e-03	4.935411e-03
6.044153202756413e-05	8.780270e-03	8.668312e-03
6.362158415545776e-05	1.588039e-02	1.571172e-02
6.783693857388097e-05	2.984991e-02	2.960060e-02
7.286239164227347e-05	5.339967e-02	5.305855e-02
7.908715771496497e-05	9.286388e-02	9.242825e-02
8.804932334960323e-05	1.655912e-01	1.650608e-01
9.953087474842818e-05	2.780059e-01	2.774091e-01
1.131021496298659e-04	4.300877e-01	4.294641e-01
1.311090504998280e-04	6.500960e-01	6.494741e-01
1.535800530750106e-04	9.379984e-01	9.373861e-01
1.751747253614651e-04	1.221169e+00	1.220529e+00
2.082974876698160e-04	1.659485e+00	1.658560e+00
2.513986123776265e-04	2.230705e+00	2.225730e+00
3.372044991275212e-04	3.367010e+00	3.339135e+00
3.534070475834103e-04	3.581193e+00	3.537866e+00
3.858121444951883e-04	4.008503e+00	3.877294e+00
4.506223383187444e-04	4.861423e+00	4.418877e+00
4.665415575437359e-04	5.070397e+00	4.498341e+00
4.983799959937190e-04	5.487003e+00	4.556776e+00
5.620568728936853e-04	6.317308e+00	4.609359e+00
7.627662774033997e-04	8.898521e+00	4.664988e+00
9.580787774033997e-04	1.135775e+01	4.690666e+00
1.153391277403400e-03	1.375499e+01	4.707863e+00
1.348703777403400e-03	1.607333e+01	4.720492e+00
1.544016277403400e-03	1.830020e+01	4.730421e+00
1.739328777403400e-03	2.042355e+01	4.738550e+00
1.934641277403399e-03	2.243189e+01	4.745417e+00
2.129953777403399e-03	2.431437e+01	4.751289e+00
2.325266277403400e-03	2.606079e+01	4.756339e+00
2.520578777403400e-03	2.766175e+01	4.760686e+00
2.715891277403400e-03	2.910861e+01	4.764415e+00
2.911203777403400e-03	3.039358e+01	4.767587e+00
3.106516277403400e-03	3.150978e+01	4.770246e+00
3.301828777403400e-03	3.245125e+01	4.772425e+00
3.497141277403401e-03	3.321303e+01	4.774148e+00
3.692453777403401e-03	3.379116e+01	4.775434e+00
3.887766277403401e-03	3.418277e+01	4.776295e+00
4.083078777403401e-03	3.438613e+01	4.776738e+00
4.278391277403401e-03	3.440076e+01	4.776770e+00
4.473703777403401e-03	3.422784e+01	4.776393e+00
4.669016277403401e-03	3.387107e+01	4.775610e+00
4.864328777403401e-03	3.334946e+01	4.774454e+00
5.010569273242831e-03	3.286470e+01	4.773370e+00
5.082090124794241e-03	3.259784e+01	4.772767e+00
5.141934581620836e-03	3.236239e+01	4.772231e+00
5.207974476307576e-03	3.209821e+01	4.771626e+00
5.228484360086542e-03	3.201578e+01	4.771436e+00
5.246074467868012e-03	3.194506e+01	4.771273e+00
5.264412173632135e-03	3.187144e+01	4.771102e+00
5.282350538817701e-03	3.179954e+01	4.770936e+00
5.301571842350469e-03	3.172267e+01	4.770757e+00
5.319494033661868e-03	3.165115e+01	4.770591e+00
5.338255386100223e-03	3.157647e+01	4.770417e+00
5.358060119794340e-03	3.149784e+01	4.770233e+00
5.379982388976153e-03	3.141105e+01	4.770030e+00
5.404846674801408e-03	3.131294e+01	4.769799e+00
5.434254025868853e-03	3.119735e+01	4.769527e+00
5.470442189280299e-03	3.105581e+01	4.769192e+00
5.524551090974012e-03	3.084582e+01	4.768693e+00
5.632768894361438e-03	3.043146e+01	4.767696e+00
5.828081394361438e-03	2.969763e+01	4.765903e+00
6.023393894361438e-03	2.898106e+01	4.764118e+00
6.218706394361439e-03	2.828348e+01	4.762341e+00
6.414018894361439e-03	2.760438e+01	4.760573e+00
6.609331394361439e-03	2.694328e+01	4.758811e+00
6.804643894361439e-03	2.629969e+01	4.757057e+00
6.999956394361439e-03	2.567316e+01	4.755309e+00
7.195268894361439e-03	2.506323e+01	4.753568e+00
7.390581394361440e-03	2.446946e+01	4.751832e+00
7.585893894361440e-03	2.389141e+01	4.750101e+00
7.781206394361440e-03	2.332868e+01	4.748374e+00
7.976518894361439e-03	2.278086e+01	4.746653e+00
8.171831394361439e-03	2.224755e+01	4.744935e+00
8.367143894361438e-03	2.172837e+01	4.743220e+00
8.562456394361437e-03	2.122293e+01	4.741508e+00
8.757768894361436e-03	2.073089e+01	4.739799e+00
8.953081394361436e-03	2.025188e+01	4.738093e+00
9.148393894361435e-03	1.978555e+01	4.736387e+00
9.343706394361434e-03	1.933157e+01	4.734684e+00
9.539018894361434e-03	1.888961e+01	4.732980e+00
9.734331394361433e-03	1.845936e+01	4.731277e+00
9.929643894361432e-03	1.804049e+01	4.729574e+00
1.012495639436143e-02	1.763272e+01	4.727870e+00
1.032026889436143e-02	1.723574e+01	4.726165e+00
1.051558139436143e-02	1.684928e+01	4.724458e+00
1.071089389436143e-02	1.647304e+01	4.722749e+00
1.090620639436143e-02	1.610676e+01	4.721038e+00
1.110151889436143e-02	1.575017e+01	4.719323e+00
1.129683139436143e-02	1.540302e+01	4.717605e+00
1.149214389436143e-02	1.506506e+01	4.715882e+00
1.168745639436143e-02	1.473604e+01	4.714154e+00
1.188276889436143e-02	1.441573e+01	4.712421e+00
1.207808139436142e-02	1.410389e+01	4.710682e+00
1.227339389436142e-02	1.380029e+01	4.708936e+00
1.246870639436142e-02	1.350473e+01	4.707183e+00
1.266401889436142e-02	1.321699e+01	4.705421e+00
1.285933139436142e-02	1.293685e+01	4.703651e+00
1.305464389436142e-02	1.266413e+01	4.701872e+00
1.324995639436142e-02	1.239861e+01	4.700083e+00
1.344526889436142e-02	1.214011e+01	4.698283e+00
1.364058139436142e-02	1.188844e+01	4.696470e+00
1.383589389436142e-02	1.164343e+01	4.694646e+00
1.403120639436142e-02	1.140489e+01	4.692807e+00
1.422651889436142e-02	1.117265e+01	4.690954e+00
1.442183139436142e-02	1.094655e+01	4.689086e+00
1.461714389436142e-02	1.072642e+01	4.687201e+00
1.481245639436141e-02	1.051210e+01	4.685298e+00
1.500776889436141e-02	1.030344e+01	4.683376e+00
1.520308139436141e-02	1.010029e+01	4.681434e+00
1.539839389436141e-02	9.902498e+00	4.679471e+00
1.559370639436141e-02	9.709928e+00	4.677485e+00
1.578901889436141e-02	9.522437e+00	4.675473e+00
1.598433139436141e-02	9.339891e+00	4.673436e+00
1.617964389436141e-02	9.162160e+00	4.671371e+00
1.637495639436141e-02	8.989113e+00	4.669276e+00
1.657026889436141e-02	8.820627e+00	4.667150e+00
1.676558139436141e-02	8.656580e+00	4.664989e+00
1.696089389436141e-02	8.496853e+00	4.662791e+00
1.715620639436141e-02	8.340700e+00	4.660561e+00
1.723044583467183e-02	8.282380e+00	4.659703e+00
1.727775780179266e-02	8.245649e+00	4.659152e+00
1.730444027708509e-02	8.225051e+00	4.658840e+00
1.731947696205292e-02	8.213486e+00	4.658664e+00
1.732497422017775e-02	8.209271e+00	4.658599e+00
1.732790604302094e-02	8.207035e+00	4.658566e+00
1.732994782149958e-02	8.205489e+00	4.658542e+00
1.733184560428294e-02	8.204069e+00	4.658520e+00
1.733387788169294e-02	8.202579e+00	4.658497e+00
1.733575928165634e-02	8.201248e+00	4.658477e+00
1.733769781854107e-02	8.199964e+00	4.658457e+00
1.733965860782666e-02	8.198815e+00	4.658440e+00
1.734173074828091e-02	8.197879e+00	4.658425e+00
1.734401776633393e-02	8.197393e+00	4.658418e+00
1.734678748023346e-02	8.198116e+00	4.658429e+00
1.735096250482869e-02	8.202414e+00	4.658494e+00
1.735518665590844e-02	8.211520e+00	4.658634e+00
1.736013267417161e-02	8.229209e+00	4.658903e+00
1.736563756550204e-02	8.257926e+00	4.659337e+00
1.737364908354202e-02	8.314914e+00	4.660182e+00
1.738687268701098e-02	8.433544e+00	4.661898e+00
1.740158505381408e-02	8.588587e+00	4.664059e+00
1.741877892290105e-02	8.788774e+00	4.666721e+00
1.743724977483372e-02	9.015115e+00	4.669561e+00
1.746437028831601e-02	9.355350e+00	4.673561e+00
1.749068593996637e-02	9.687840e+00	4.677158e+00
1.772948245135381e-02	1.265871e+01	4.701221e+00
1.792479495135381e-02	1.500883e+01	4.715094e+00
1.812010745135380e-02	1.727965e+01	4.726095e+00
1.831541995135380e-02	1.945247e+01	4.734957e+00
1.851073245135380e-02	2.151554e+01	4.742368e+00
1.870604495135380e-02	2.345769e+01	4.748677e+00
1.890135745135380e-02	2.526843e+01	4.754091e+00
1.909666995135380e-02	2.693797e+01	4.758752e+00
1.929198245135380e-02	2.845731e+01	4.762758e+00
1.948729495135380e-02	2.981827e+01	4.766182e+00
1.968260745135380e-02	3.101353e+01	4.769074e+00
1.987791995135380e-02	3.203671e+01	4.771472e+00
2.007323245135380e-02	3.288238e+01	4.773405e+00
2.026854495135380e-02	3.354610e+01	4.774892e+00
2.046385745135380e-02	3.402450e+01	4.775948e+00
2.065916995135380e-02	3.431529e+01	4.776584e+00
2.085448245135380e-02	3.441742e+01	4.776806e+00
2.104979495135379e-02	3.433118e+01	4.776618e+00
2.124510745135379e-02	3.405891e+01	4.776023e+00
2.144041995135379e-02	3.360699e+01	4.775026e+00
2.163573245135379e-02	3.300824e+01	4.773692e+00
2.172912704645598e-02	3.267167e+01	4.772933e+00
2.182197736350676e-02	3.230880e+01	4.772107e+00
2.191382009783244e-02	3.194190e+01	4.771264e+00
2.196611092848700e-02	3.173253e+01	4.770780e+00
2.201489962143773e-02	3.153821e+01	4.770327e+00
2.206773062037238e-02	3.132948e+01	4.769837e+00
2.215767230132388e-02	3.097858e+01	4.769006e+00
2.233755566322690e-02	3.028912e+01	4.767348e+00
2.253286816322689e-02	2.955726e+01	4.765556e+00
2.272818066322689e-02	2.884441e+01	4.763773e+00
2.292349316322689e-02	2.815045e+01	4.761998e+00
2.311880566322689e-02	2.747488e+01	4.760231e+00
2.331411816322689e-02	2.681721e+01	4.758471e+00
2.350943066322689e-02	2.617696e+01	4.756718e+00
2.370474316322689e-02	2.555368e+01	4.754972e+00
2.390005566322689e-02	2.494691e+01	4.753231e+00
2.409536816322689e-02	2.435622e+01	4.751496e+00
2.429068066322689e-02	2.378118e+01	4.749765e+00
2.448599316322689e-02	2.322137e+01	4.748040e+00
2.468130566322689e-02	2.267639e+01	4.746319e+00
2.487661816322689e-02	2.214585e+01	4.744602e+00
2.507193066322689e-02	2.162936e+01	4.742888e+00
2.526724316322689e-02	2.112655e+01	4.741178e+00
2.546255566322688e-02	2.063705e+01	4.739469e+00
2.565786816322688e-02	2.016053e+01	4.737762e+00
2.585318066322688e-02	1.969662e+01	4.736057e+00
2.604849316322688e-02	1.924499e+01	4.734354e+00
2.624380566322688e-02	1.880533e+01	4.732650e+00
2.643911816322688e-02	1.837731e+01	4.730947e+00
2.663443066322688e-02	1.796062e+01	4.729244e+00
2.682974316322688e-02	1.755496e+01	4.727540e+00
2.702505566322688e-02	1.716004e+01	4.725834e+00
2.722036816322688e-02	1.677558e+01	4.724127e+00
2.741568066322688e-02	1.640129e+01	4.722418e+00
2.761099316322688e-02	1.603691e+01	4.720706e+00
2.780630566322688e-02	1.568217e+01	4.718990e+00
2.800161816322688e-02	1.533682e+01	4.717271e+00
2.819693066322687e-02	1.500061e+01	4.715547e+00
2.839224316322687e-02	1.467330e+01	4.713819e+00
2.858755566322687e-02	1.435464e+01	4.712085e+00
2.878286816322687e-02	1.404442e+01	4.710344e+00
2.897818066322687e-02	1.374240e+01	4.708597e+00
2.917349316322687e-02	1.344837e+01	4.706842e+00
2.936880566322687e-02	1.316211e+01	4.705080e+00
2.956411816322687e-02	1.288343e+01	4.703308e+00
2.975943066322687e-02	1.261211e+01	4.701527e+00
2.995474316322687e-02	1.234797e+01	4.699735e+00
3.015005566322687e-02	1.209081e+01	4.697932e+00
3.034536816322687e-02	1.184045e+01	4.696118e+00
3.054068066322687e-02	1.159670e+01	4.694290e+00
3.073599316322687e-02	1.135940e+01	4.692450e+00
3.093130566322687e-02	1.112836e+01	4.690593e+00
3.112661816322686e-02	1.090343e+01	4.688722e+00
3.132193066322687e-02	1.068443e+01	4.686833e+00
3.151724316322687e-02	1.047122e+01	4.684927e+00
3.171255566322687e-02	1.026364e+01	4.683002e+00
3.190786816322688e-02	1.006154e+01	4.681055e+00
3.210318066322688e-02	9.864777e+00	4.679088e+00
3.229849316322688e-02	9.673201e+00	4.677096e+00
3.249380566322688e-02	9.486679e+00	4.675080e+00
3.268911816322689e-02	9.305078e+00	4.673038e+00
3.288443066322689e-02	9.128263e+00	4.670967e+00
3.307974316322689e-02	8.956110e+00	4.668867e+00
3.327505566322689e-02	8.788493e+00	4.666733e+00
3.347036816322690e-02	8.625292e+00	4.664566e+00
3.366568066322690e-02	8.466390e+00	4.662361e+00
3.386099316322690e-02	8.311054e+00	4.660123e+00
3.393752139487076e-02	8.251260e+00	4.659235e+00
3.398535460350699e-02	8.214532e+00	4.658679e+00
3.400236186093863e-02	8.202332e+00	4.658494e+00
3.400902801907990e-02	8.198849e+00	4.658440e+00
3.401256643188177e-02	8.198621e+00	4.658436e+00
3.401609341200173e-02	8.201171e+00	4.658475e+00
3.402084917061550e-02	8.209826e+00	4.658608e+00
3.402583883097514e-02	8.225765e+00	4.658851e+00
3.403100422163416e-02	8.250721e+00	4.659228e+00
3.403826789001762e-02	8.299190e+00	4.659951e+00
3.404986265506339e-02	8.398539e+00	4.661397e+00
3.406544093061980e-02	8.558116e+00	4.663639e+00
3.408258433371214e-02	8.754582e+00	4.666276e+00
3.410083458523918e-02	8.976884e+00	4.669091e+00
3.412707910589320e-02	9.305388e+00	4.672997e+00
3.415122051793040e-02	9.610280e+00	4.676345e+00
3.425772662357346e-02	1.095041e+01	4.688818e+00
3.437417318671081e-02	1.238938e+01	4.699402e+00
3.456948568671082e-02	1.474773e+01	4.713685e+00
3.476479818671082e-02	1.702881e+01	4.724987e+00
3.496011068671082e-02	1.921326e+01	4.734042e+00
3.515542318671083e-02	2.128925e+01	4.741593e+00
3.535073568671083e-02	2.324554e+01	4.748015e+00
3.554604818671083e-02	2.507156e+01	4.753522e+00
3.574136068671083e-02	2.675746e+01	4.758261e+00
3.593667318671084e-02	2.829412e+01	4.762338e+00
3.613198568671084e-02	2.967328e+01	4.765824e+00
3.632729818671084e-02	3.088752e+01	4.768774e+00
3.652261068671084e-02	3.193036e+01	4.771226e+00
3.671792318671085e-02	3.279624e+01	4.773210e+00
3.691323568671085e-02	3.348062e+01	4.774746e+00
3.710854818671085e-02	3.398000e+01	4.775850e+00
3.730386068671086e-02	3.429198e+01	4.776533e+00
3.749917318671086e-02	3.441535e+01	4.776802e+00
3.769448568671086e-02	3.435024e+01	4.776660e+00
3.788979818671086e-02	3.409871e+01	4.776111e+00
3.808511068671087e-02	3.366642e+01	4.775158e+00
3.828042318671087e-02	3.307074e+01	4.773829e+00
3.847573568671087e-02	3.235648e+01	4.772209e+00
3.867104818671088e-02	3.158985e+01	4.770441e+00
3.881568227626409e-02	3.102058e+01	4.769104e+00
3.895563632762886e-02	3.048089e+01	4.767813e+00
3.915094882762886e-02	2.974496e+01	4.766020e+00
3.934626132762886e-02	2.902713e+01	4.764234e+00
3.954157382762886e-02	2.832833e+01	4.762457e+00
3.973688632762887e-02	2.764804e+01	4.760688e+00
3.993219882762887e-02	2.698579e+01	4.758926e+00
4.012751132762887e-02	2.634107e+01	4.757171e+00
4.032282382762888e-02	2.571344e+01	4.755423e+00
4.051813632762888e-02	2.510244e+01	4.753681e+00
4.071344882762888e-02	2.450763e+01	4.751945e+00
4.090876132762888e-02	2.392858e+01	4.750213e+00
4.110407382762889e-02	2.336486e+01	4.748487e+00
4.129938632762889e-02	2.281608e+01	4.746765e+00
4.149469882762889e-02	2.228184e+01	4.745047e+00
4.169001132762890e-02	2.176175e+01	4.743332e+00
4.188532382762890e-02	2.125543e+01	4.741620e+00
4.208063632762890e-02	2.076253e+01	4.739911e+00
4.227594882762890e-02	2.028267e+01	4.738204e+00
4.247126132762891e-02	1.981553e+01	4.736499e+00
4.266657382762891e-02	1.936076e+01	4.734795e+00
4.286188632762891e-02	1.891803e+01	4.733091e+00
4.305719882762891e-02	1.848702e+01	4.731388e+00
4.325251132762892e-02	1.806743e+01	4.729685e+00
4.344782382762892e-02	1.765894e+01	4.727981e+00
4.364313632762892e-02	1.726127e+01	4.726276e+00
4.383844882762893e-02	1.687413e+01	4.724569e+00
4.403376132762893e-02	1.649723e+01	4.722860e+00
4.422907382762893e-02	1.613031e+01	4.721149e+00
4.442438632762893e-02	1.577310e+01	4.719435e+00
4.461969882762894e-02	1.542535e+01	4.717717e+00
4.481501132762894e-02	1.508679e+01	4.715994e+00
4.501032382762894e-02	1.475720e+01	4.714267e+00
4.520563632762895e-02	1.443632e+01	4.712534e+00
4.540094882762895e-02	1.412394e+01	4.710795e+00
4.559626132762895e-02	1.381981e+01	4.709050e+00
4.579157382762895e-02	1.352374e+01	4.707297e+00
4.598688632762896e-02	1.323549e+01	4.705537e+00
4.618219882762896e-02	1.295487e+01	4.703767e+00
4.637751132762896e-02	1.268166e+01	4.701989e+00
4.657282382762896e-02	1.241568e+01	4.700200e+00
4.676813632762897e-02	1.215673e+01	4.698400e+00
4.696344882762897e-02	1.190462e+01	4.696589e+00
4.715876132762897e-02	1.165918e+01	4.694765e+00
4.735407382762898e-02	1.142023e+01	4.692927e+00
4.754938632762898e-02	1.118758e+01	4.691075e+00
4.774469882762898e-02	1.096109e+01	4.689208e+00
4.794001132762898e-02	1.074057e+01	4.687324e+00
4.813532382762899e-02	1.052588e+01	4.685422e+00
4.833063632762899e-02	1.031686e+01	4.683502e+00
4.852594882762899e-02	1.011335e+01	4.681561e+00
4.872126132762900e-02	9.915215e+00	4.679599e+00
4.891657382762900e-02	9.722310e+00	4.677614e+00
4.911188632762900e-02	9.534492e+00	4.675605e+00
4.930719882762900e-02	9.351629e+00	4.673570e+00
4.950251132762901e-02	9.173588e+00	4.671506e+00
4.969782382762901e-02	9.000240e+00	4.669414e+00
4.989313632762901e-02	8.831461e+00	4.667289e+00
5.008844882762901e-02	8.667128e+00	4.665130e+00
5.028376132762902e-02	8.507123e+00	4.662935e+00
5.047907382762902e-02	8.356244e+00	4.660776e+00
5.067438632762902e-02	8.342299e+00	4.660557e+00
5.072764989624624e-02	8.550822e+00	4.663498e+00
5.075157185875843e-02	8.781096e+00	4.666596e+00
5.077333816612647e-02	9.048114e+00	4.669965e+00
5.079627845469090e-02	9.336798e+00	4.673350e+00
5.087414058567108e-02	1.032025e+01	4.683321e+00
5.111103317671728e-02	1.324487e+01	4.704937e+00
5.130634567671728e-02	1.557789e+01	4.718076e+00
5.150165817671729e-02	1.782563e+01	4.728448e+00
5.169697067671729e-02	1.997243e+01	4.736903e+00
5.189228317671729e-02	2.200666e+01	4.744019e+00
5.208759567671729e-02	2.391732e+01	4.750091e+00
5.228290817671730e-02	2.569408e+01	4.755307e+00
5.247822067671730e-02	2.732735e+01	4.759799e+00
5.267353317671730e-02	2.880831e+01	4.763656e+00
5.286884567671730e-02	3.012901e+01	4.766944e+00
5.306415817671731e-02	3.128235e+01	4.769711e+00
5.325947067671731e-02	3.226218e+01	4.771992e+00
5.345478317671731e-02	3.306330e+01	4.773812e+00
5.365009567671732e-02	3.368154e+01	4.775192e+00
5.384540817671732e-02	3.411379e+01	4.776144e+00
5.404072067671732e-02	3.435806e+01	4.776677e+00
5.423603317671732e-02	3.441359e+01	4.776798e+00
5.443134567671733e-02	3.428110e+01	4.776509e+00
5.462665817671733e-02	3.396362e+01	4.775814e+00
5.482197067671733e-02	3.346942e+01	4.774720e+00
5.501728317671734e-02	3.282433e+01	4.773273e+00
5.521259567671734e-02	3.208425e+01	4.771585e+00
5.540790817671734e-02	3.131507e+01	4.769795e+00
5.560322067671734e-02	3.055603e+01	4.767991e+00
5.579853317671735e-02	2.981672e+01	4.766196e+00
5.599384567671735e-02	2.909699e+01	4.764410e+00
5.618915817671735e-02	2.839634e+01	4.762632e+00
5.638447067671735e-02	2.771425e+01	4.760862e+00
5.657978317671736e-02	2.705024e+01	4.759099e+00
5.677509567671736e-02	2.640382e+01	4.757344e+00
5.697040817671736e-02	2.577452e+01	4.755595e+00
5.716572067671737e-02	2.516191e+01	4.753852e+00
5.736103317671737e-02	2.456552e+01	4.752115e+00
5.755634567671737e-02	2.398493e+01	4.750383e+00
5.775165817671737e-02	2.341972e+01	4.748657e+00
5.794697067671738e-02	2.286949e+01	4.746934e+00
5.814228317671738e-02	2.233383e+01	4.745215e+00
5.833759567671738e-02	2.181236e+01	4.743501e+00
5.853290817671739e-02	2.130471e+01	4.741788e+00
5.872822067671739e-02	2.081050e+01	4.740079e+00
5.892353317671739e-02	2.032937e+01	4.738372e+00
5.911884567671739e-02	1.986099e+01	4.736667e+00
5.931415817671740e-02	1.940502e+01	4.734962e+00
5.950947067671740e-02	1.896111e+01	4.733259e+00
5.970478317671740e-02	1.852897e+01	4.731556e+00
5.990009567671740e-02	1.810826e+01	4.729853e+00
6.009540817671741e-02	1.769870e+01	4.728149e+00
6.029072067671741e-02	1.729997e+01	4.726444e+00
6.048603317671741e-02	1.691180e+01	4.724738e+00
6.068134567671742e-02	1.653391e+01	4.723029e+00
6.087665817671742e-02	1.616602e+01	4.721318e+00
6.107197067671742e-02	1.580786e+01	4.719604e+00
6.126728317671742e-02	1.545919e+01	4.717886e+00
6.146259567671743e-02	1.511974e+01	4.716164e+00
6.165790817671743e-02	1.478927e+01	4.714437e+00
6.185322067671743e-02	1.446755e+01	4.712705e+00
6.204853317671744e-02	1.415434e+01	4.710967e+00
6.224384567671744e-02	1.384941e+01	4.709222e+00
6.243915817671744e-02	1.355255e+01	4.707470e+00
6.263447067671744e-02	1.326354e+01	4.705710e+00
6.282978317671745e-02	1.298218e+01	4.703942e+00
6.302509567671745e-02	1.270825e+01	4.702164e+00
6.322040817671745e-02	1.244157e+01	4.700377e+00
6.341572067671745e-02	1.218193e+01	4.698578e+00
6.361103317671746e-02	1.192916e+01	4.696768e+00
6.380634567671746e-02	1.168307e+01	4.694945e+00
6.400165817671746e-02	1.144348e+01	4.693109e+00
6.419697067671747e-02	1.121022e+01	4.691258e+00
6.439228317671747e-02	1.098313e+01	4.689393e+00
6.458759567671747e-02	1.076203e+01	4.687510e+00
6.478290817671747e-02	1.054677e+01	4.685610e+00
6.497822067671748e-02	1.033720e+01	4.683692e+00
6.517353317671748e-02	1.013316e+01	4.681753e+00
6.536884567671748e-02	9.934499e+00	4.679793e+00
6.556415817671749e-02	9.741083e+00	4.677811e+00
6.575947067671749e-02	9.552772e+00	4.675804e+00
6.595478317671749e-02	9.369427e+00	4.673771e+00
6.615009567671749e-02	9.190916e+00	4.671711e+00
6.634540817671750e-02	9.017111e+00	4.669621e+00
6.654072067671750e-02	8.847887e+00	4.667500e+00
6.673603317671750e-02	8.683122e+00	4.665344e+00
6.693134567671750e-02	8.522696e+00	4.663153e+00
6.712665817671751e-02	8.366520e+00	4.660923e+00
6.732197067671751e-02	8.303657e+00	4.660005e+00
6.737988236634125e-02	8.472405e+00	4.662395e+00
6.741525003485245e-02	8.760126e+00	4.666317e+00
6.743513936991065e-02	8.988670e+00	4.669250e+00
6.745372454473507e-02	9.220900e+00	4.672045e+00
6.747335514723415e-02	9.468739e+00	4.674831e+00
6.758419993495110e-02	1.086444e+01	4.688057e+00
6.787395266207609e-02	1.440336e+01	4.711766e+00
6.806926516207609e-02	1.669747e+01	4.723483e+00
6.826457766207610e-02	1.889696e+01	4.732811e+00
6.845989016207610e-02	2.098970e+01	4.740555e+00
6.865520266207610e-02	2.296437e+01	4.747128e+00
6.885051516207610e-02	2.481028e+01	4.752759e+00
6.904582766207611e-02	2.651748e+01	4.757605e+00
6.924114016207611e-02	2.807674e+01	4.761774e+00
6.943645266207611e-02	2.947966e+01	4.765344e+00
6.963176516207611e-02	3.071871e+01	4.768370e+00
6.982707766207612e-02	3.178725e+01	4.770894e+00
7.002239016207612e-02	3.267960e+01	4.772945e+00
7.021770266207612e-02	3.339105e+01	4.774547e+00
7.041301516207613e-02	3.391795e+01	4.775714e+00
7.060832766207613e-02	3.425774e+01	4.776459e+00
7.080364016207613e-02	3.440900e+01	4.776788e+00
7.099895266207613e-02	3.437168e+01	4.776707e+00
7.119426516207614e-02	3.414747e+01	4.776217e+00
7.138957766207614e-02	3.374129e+01	4.775323e+00
7.158489016207614e-02	3.316765e+01	4.774046e+00
7.178020266207615e-02	3.246671e+01	4.772461e+00
7.197551516207615e-02	3.170467e+01	4.770706e+00
7.217082766207615e-02	3.093792e+01	4.768904e+00
7.236614016207615e-02	3.018851e+01	4.767104e+00
7.256145266207616e-02	2.945893e+01	4.765313e+00
7.275676516207616e-02	2.874868e+01	4.763531e+00
7.295207766207616e-02	2.805726e+01	4.761757e+00
7.314739016207616e-02	2.738416e+01	4.759991e+00
7.334270266207617e-02	2.672889e+01	4.758232e+00
7.353801516207617e-02	2.609099e+01	4.756479e+00
7.373332766207617e-02	2.546998e+01	4.754734e+00
7.392864016207618e-02	2.486543e+01	4.752994e+00
7.412395266207618e-02	2.427690e+01	4.751260e+00
7.431926516207618e-02	2.370396e+01	4.749530e+00
7.451457766207618e-02	2.314619e+01	4.747806e+00
7.470989016207619e-02	2.260321e+01	4.746085e+00
7.490520266207619e-02	2.207460e+01	4.744369e+00
7.510051516207619e-02	2.156000e+01	4.742655e+00
7.529582766207620e-02	2.105903e+01	4.740944e+00
7.549114016207620e-02	2.057132e+01	4.739236e+00
7.568645266207620e-02	2.009653e+01	4.737530e+00
7.588176516207620e-02	1.963432e+01	4.735825e+00
7.607707766207621e-02	1.918435e+01	4.734121e+00
7.627239016207621e-02	1.874629e+01	4.732418e+00
7.646770266207621e-02	1.831983e+01	4.730715e+00
7.666301516207621e-02	1.790466e+01	4.729012e+00
7.685832766207622e-02	1.750048e+01	4.727307e+00
7.705364016207622e-02	1.710701e+01	4.725602e+00
7.724895266207622e-02	1.672395e+01	4.723894e+00
7.744426516207623e-02	1.635103e+01	4.722185e+00
7.763957766207623e-02	1.598798e+01	4.720472e+00
7.783489016207623e-02	1.563453e+01	4.718756e+00
7.803020266207623e-02	1.529045e+01	4.717036e+00
7.822551516207624e-02	1.495546e+01	4.715312e+00
7.842082766207624e-02	1.462934e+01	4.713583e+00
7.861614016207624e-02	1.431185e+01	4.711847e+00
7.881145266207625e-02	1.400276e+01	4.710106e+00
7.900676516207625e-02	1.370184e+01	4.708358e+00
7.920207766207625e-02	1.340888e+01	4.706602e+00
7.939739016207625e-02	1.312367e+01	4.704839e+00
7.959270266207626e-02	1.284600e+01	4.703066e+00
7.978801516207626e-02	1.257568e+01	4.701283e+00
7.998332766207626e-02	1.231250e+01	4.699490e+00
8.017864016207626e-02	1.205628e+01	4.697686e+00
8.037395266207627e-02	1.180683e+01	4.695869e+00
8.056926516207627e-02	1.156397e+01	4.694040e+00
8.076457766207627e-02	1.132753e+01	4.692197e+00
8.095989016207628e-02	1.109733e+01	4.690339e+00
8.115520266207628e-02	1.087322e+01	4.688465e+00
8.135051516207628e-02	1.065503e+01	4.686574e+00
8.154582766207628e-02	1.044259e+01	4.684666e+00
8.174114016207629e-02	1.023577e+01	4.682737e+00
8.193645266207629e-02	1.003440e+01	4.680789e+00
8.213176516207629e-02	9.838352e+00	4.678818e+00
8.232707766207630e-02	9.647474e+00	4.676823e+00
8.252239016207630e-02	9.461632e+00	4.674804e+00
8.271770266207630e-02	9.280689e+00	4.672757e+00
8.291301516207630e-02	9.104518e+00	4.670683e+00
8.310832766207631e-02	8.932991e+00	4.668578e+00
8.330364016207631e-02	8.765983e+00	4.666440e+00
8.349895266207631e-02	8.603374e+00	4.664267e+00
8.369426516207631e-02	8.445049e+00	4.662057e+00
8.388957766207632e-02	8.389784e+00	4.661264e+00
8.404908468707857e-02	8.681860e+00	4.665212e+00
8.410786637215309e-02	9.072231e+00	4.670228e+00
8.412725300075155e-02	9.295665e+00	4.672918e+00
8.414220034945634e-02	9.490663e+00	4.675118e+00
8.416061069780886e-02	9.726605e+00	4.677622e+00
8.423893779923414e-02	1.071614e+01	4.686946e+00
8.444629776639319e-02	1.327159e+01	4.705245e+00
8.464161026639319e-02	1.560057e+01	4.718142e+00
8.483692276639319e-02	1.784737e+01	4.728526e+00
8.503223526639320e-02	1.999312e+01	4.736980e+00
8.522754776639320e-02	2.202618e+01	4.744084e+00
8.542286026639320e-02	2.393556e+01	4.750146e+00
8.561817276639321e-02	2.571095e+01	4.755355e+00
8.581348526639321e-02	2.734275e+01	4.759840e+00
8.600879776639321e-02	2.882217e+01	4.763691e+00
8.620411026639321e-02	3.014124e+01	4.766973e+00
8.639942276639322e-02	3.129290e+01	4.769736e+00
8.659473526639322e-02	3.227098e+01	4.772012e+00
8.679004776639322e-02	3.307031e+01	4.773829e+00
8.698536026639322e-02	3.368673e+01	4.775204e+00
8.718067276639323e-02	3.411713e+01	4.776151e+00
8.737598526639323e-02	3.435953e+01	4.776680e+00
8.757129776639323e-02	3.441320e+01	4.776797e+00
8.776661026639324e-02	3.427886e+01	4.776505e+00
8.796192276639324e-02	3.395956e+01	4.775805e+00
8.815723526639324e-02	3.346371e+01	4.774708e+00
8.835254776639324e-02	3.281738e+01	4.773257e+00
8.854786026639325e-02	3.207667e+01	4.771567e+00
8.874317276639325e-02	3.130743e+01	4.769777e+00
8.893848526639325e-02	3.054859e+01	4.767973e+00
8.913379776639326e-02	2.980947e+01	4.766178e+00
8.932911026639326e-02	2.908993e+01	4.764392e+00
8.952442276639326e-02	2.838947e+01	4.762614e+00
8.971973526639326e-02	2.770756e+01	4.760844e+00
8.991504776639327e-02	2.704372e+01	4.759082e+00
9.011036026639327e-02	2.639748e+01	4.757326e+00
9.030567276639327e-02	2.576835e+01	4.755578e+00
9.050098526639327e-02	2.515590e+01	4.753835e+00
9.069629776639328e-02	2.455967e+01	4.752098e+00
9.089161026639328e-02	2.397924e+01	4.750366e+00
9.108692276639328e-02	2.341418e+01	4.748640e+00
9.128223526639329e-02	2.286409e+01	4.746917e+00
9.147754776639329e-02	2.232858e+01	4.745198e+00
9.167286026639329e-02	2.180725e+01	4.743484e+00
9.186817276639329e-02	2.129973e+01	4.741772e+00
9.206348526639330e-02	2.080565e+01	4.740062e+00
9.225879776639330e-02	2.032465e+01	4.738355e+00
9.245411026639330e-02	1.985640e+01	4.736650e+00
9.264942276639331e-02	1.940055e+01	4.734945e+00
9.284473526639331e-02	1.895676e+01	4.733242e+00
9.304004776639331e-02	1.852473e+01	4.731539e+00
9.323536026639331e-02	1.810414e+01	4.729836e+00
9.343067276639332e-02	1.769468e+01	4.728132e+00
9.362598526639332e-02	1.729606e+01	4.726427e+00
9.382129776639332e-02	1.690800e+01	4.724720e+00
9.401661026639332e-02	1.653020e+01	4.723012e+00
9.421192276639333e-02	1.616241e+01	4.721301e+00
9.440723526639333e-02	1.580435e+01	4.719587e+00
9.460254776639333e-02	1.545577e+01	4.717869e+00
9.479786026639334e-02	1.511641e+01	4.716147e+00
9.499317276639334e-02	1.478603e+01	4.714420e+00
9.518848526639334e-02	1.446440e+01	4.712687e+00
9.538379776639334e-02	1.415127e+01	4.710949e+00
9.557911026639335e-02	1.384642e+01	4.709205e+00
9.577442276639335e-02	1.354964e+01	4.707453e+00
9.596973526639335e-02	1.326071e+01	4.705693e+00
9.616504776639336e-02	1.297942e+01	4.703924e+00
9.636036026639336e-02	1.270556e+01	4.702147e+00
9.655567276639336e-02	1.243895e+01	4.700359e+00
9.675098526639336e-02	1.217939e+01	4.698560e+00
9.694629776639337e-02	1.192668e+01	4.696750e+00
9.714161026639337e-02	1.168066e+01	4.694927e+00
9.733692276639337e-02	1.144113e+01	4.693090e+00
9.753223526639337e-02	1.120794e+01	4.691240e+00
9.772754776639338e-02	1.098090e+01	4.689374e+00
9.792286026639338e-02	1.075986e+01	4.687491e+00
9.811817276639338e-02	1.054466e+01	4.685592e+00
9.831348526639339e-02	1.033514e+01	4.683672e+00
9.850879776639339e-02	1.013115e+01	4.681734e+00
9.870411026639339e-02	9.932550e+00	4.679774e+00
9.889942276639339e-02	9.739187e+00	4.677791e+00
9.909473526639340e-02	9.550924e+00	4.675784e+00
9.929004776639340e-02	9.367628e+00	4.673751e+00
9.948536026639340e-02	9.189165e+00	4.671690e+00
9.968067276639341e-02	9.015407e+00	4.669600e+00
9.987598526639341e-02	8.846228e+00	4.667479e+00
1.000712977663934e-01	8.681506e+00	4.665323e+00
1.002666102663934e-01	8.521123e+00	4.663131e+00
1.004619227663934e-01	8.365009e+00	4.660902e+00
1.006572352663934e-01	8.284582e+00	4.659727e+00
1.007078887274070e-01	8.427641e+00	4.661757e+00
1.007475351902536e-01	8.743596e+00	4.666105e+00
1.007646517623036e-01	8.938229e+00	4.668629e+00
1.007820483802316e-01	9.156646e+00	4.671291e+00
1.008006769647755e-01	9.392200e+00	4.673982e+00
1.009017712840544e-01	1.066690e+01	4.686358e+00
1.011928155230750e-01	1.422998e+01	4.710788e+00
1.013881280230750e-01	1.653059e+01	4.722720e+00
1.015834405230750e-01	1.873752e+01	4.732183e+00
1.017787530230750e-01	2.083856e+01	4.740025e+00
1.019740655230750e-01	2.282235e+01	4.746675e+00
1.021693780230750e-01	2.467816e+01	4.752370e+00
1.023646905230750e-01	2.639596e+01	4.757270e+00
1.025600030230750e-01	2.796648e+01	4.761487e+00
1.027553155230750e-01	2.938126e+01	4.765099e+00
1.029506280230750e-01	3.063269e+01	4.768164e+00
1.031459405230750e-01	3.171407e+01	4.770723e+00
1.033412530230750e-01	3.261964e+01	4.772809e+00
1.035365655230750e-01	3.334463e+01	4.774443e+00
1.037318780230750e-01	3.388531e+01	4.775642e+00
1.039271905230750e-01	3.423902e+01	4.776418e+00
1.041225030230750e-01	3.440427e+01	4.776778e+00
1.043178155230750e-01	3.438089e+01	4.776727e+00
1.045131280230750e-01	3.417043e+01	4.776267e+00
1.047084405230750e-01	3.377742e+01	4.775403e+00
1.049037530230750e-01	3.321519e+01	4.774153e+00
1.050990655230750e-01	3.252161e+01	4.772586e+00
1.052943780230750e-01	3.176142e+01	4.770839e+00
1.054611377568214e-01	3.110440e+01	4.769301e+00
1.056261477560294e-01	3.046684e+01	4.767778e+00
1.058214602560294e-01	2.973066e+01	4.765985e+00
1.060167727560294e-01	2.901321e+01	4.764199e+00
1.062120852560294e-01	2.831478e+01	4.762422e+00
1.064073977560294e-01	2.763485e+01	4.760653e+00
1.066027102560294e-01	2.697294e+01	4.758892e+00
1.067980227560294e-01	2.632857e+01	4.757137e+00
1.069933352560294e-01	2.570127e+01	4.755389e+00
1.071886477560294e-01	2.509059e+01	4.753647e+00
1.073839602560294e-01	2.449609e+01	4.751910e+00
1.075792727560294e-01	2.391735e+01	4.750179e+00
1.077745852560294e-01	2.335393e+01	4.748453e+00
1.079698977560294e-01	2.280544e+01	4.746731e+00
1.081652102560294e-01	2.227148e+01	4.745013e+00
1.083605227560294e-01	2.175166e+01	4.743298e+00
1.085558352560294e-01	2.124561e+01	4.741587e+00
1.087511477560294e-01	2.075296e+01	4.739877e+00
1.089464602560294e-01	2.027337e+01	4.738170e+00
1.091417727560294e-01	1.980647e+01	4.736465e+00
1.093370852560294e-01	1.935194e+01	4.734761e+00
1.095323977560294e-01	1.890944e+01	4.733057e+00
1.097277102560294e-01	1.847866e+01	4.731355e+00
1.099230227560294e-01	1.805929e+01	4.729651e+00
1.101183352560294e-01	1.765102e+01	4.727947e+00
1.103136477560294e-01	1.725356e+01	4.726243e+00
1.105089602560294e-01	1.686662e+01	4.724536e+00
1.107042727560294e-01	1.648992e+01	4.722827e+00
1.108995852560294e-01	1.612319e+01	4.721116e+00
1.110948977560294e-01	1.576617e+01	4.719401e+00
1.112902102560294e-01	1.541860e+01	4.717683e+00
1.114855227560295e-01	1.508022e+01	4.715960e+00
1.116808352560295e-01	1.475080e+01	4.714232e+00
1.118761477560295e-01	1.443010e+01	4.712500e+00
1.120714602560295e-01	1.411788e+01	4.710761e+00
1.122667727560295e-01	1.381392e+01	4.709015e+00
1.124620852560295e-01	1.351799e+01	4.707263e+00
1.126573977560295e-01	1.322990e+01	4.705502e+00
1.128527102560295e-01	1.294942e+01	4.703732e+00
1.130480227560295e-01	1.267636e+01	4.701953e+00
1.132433352560295e-01	1.241052e+01	4.700165e+00
1.134386477560295e-01	1.215171e+01	4.698365e+00
1.136339602560295e-01	1.189973e+01	4.696553e+00
1.138292727560295e-01	1.165442e+01	4.694729e+00
1.140245852560295e-01	1.141559e+01	4.692891e+00
1.142198977560295e-01	1.118307e+01	4.691039e+00
1.144152102560295e-01	1.095669e+01	4.689171e+00
1.146105227560295e-01	1.073629e+01	4.687286e+00
1.148058352560295e-01	1.052171e+01	4.685385e+00
1.150011477560295e-01	1.031280e+01	4.683464e+00
1.151964602560295e-01	1.010940e+01	4.681523e+00
1.153917727560295e-01	9.911372e+00	4.679561e+00
1.155870852560295e-01	9.718567e+00	4.677575e+00
1.157823977560295e-01	9.530849e+00	4.675565e+00
1.159777102560295e-01	9.348082e+00	4.673529e+00
1.161730227560295e-01	9.170134e+00	4.671465e+00
1.163683352560295e-01	8.996878e+00	4.669372e+00
1.165636477560295e-01	8.828187e+00	4.667247e+00
1.167589602560295e-01	8.663940e+00	4.665088e+00
1.169542727560295e-01	8.504020e+00	4.662892e+00
1.171495852560295e-01	8.357882e+00	4.660803e+00
1.173448977560295e-01	8.362446e+00	4.660848e+00
1.173977163428617e-01	8.581289e+00	4.663917e+00
1.174209760941329e-01	8.811128e+00	4.666996e+00
1.174394999642089e-01	9.040652e+00	4.669887e+00
1.174599329133468e-01	9.298408e+00	4.672908e+00
1.174961975559633e-01	9.757265e+00	4.677827e+00
1.176444884082322e-01	1.161293e+01	4.693869e+00
1.178233897945665e-01	1.379684e+01	4.708282e+00
1.180187022945665e-01	1.611212e+01	4.720727e+00
1.182140147945665e-01	1.833732e+01	4.730571e+00
1.184093272945665e-01	2.045881e+01	4.738674e+00
1.186046397945665e-01	2.246509e+01	4.745524e+00
1.187999522945665e-01	2.434533e+01	4.751382e+00
1.189952647945665e-01	2.608935e+01	4.756419e+00
1.191905772945665e-01	2.768775e+01	4.760755e+00
1.193858897945665e-01	2.913190e+01	4.764474e+00
1.195812022945665e-01	3.041405e+01	4.767636e+00
1.197765147945665e-01	3.152732e+01	4.770287e+00
1.199718272945665e-01	3.246577e+01	4.772458e+00
1.201671397945665e-01	3.322444e+01	4.774174e+00
1.203624522945665e-01	3.379942e+01	4.775453e+00
1.205577647945665e-01	3.418782e+01	4.776306e+00
1.207530772945665e-01	3.438796e+01	4.776742e+00
1.209483897945665e-01	3.439938e+01	4.776767e+00
1.211437022945665e-01	3.422327e+01	4.776383e+00
1.213390147945665e-01	3.386343e+01	4.775593e+00
1.215343272945665e-01	3.333052e+01	4.774411e+00
1.217296397945665e-01	3.265687e+01	4.772894e+00
1.219249522945665e-01	3.190442e+01	4.771170e+00
1.221202647945665e-01	3.113560e+01	4.769372e+00
1.223155772945665e-01	3.038104e+01	4.767570e+00
1.225108897945665e-01	2.964636e+01	4.765777e+00
1.227062022945665e-01	2.893115e+01	4.763992e+00
1.229015147945665e-01	2.823489e+01	4.762217e+00
1.230968272945665e-01	2.755708e+01	4.760448e+00
1.232921397945665e-01	2.689723e+01	4.758687e+00
1.234874522945665e-01	2.625487e+01	4.756933e+00
1.236827647945665e-01	2.562952e+01	4.755186e+00
1.238780772945665e-01	2.502074e+01	4.753445e+00
1.240733897945665e-01	2.442810e+01	4.751709e+00
1.242687022945665e-01	2.385115e+01	4.749979e+00
1.244640147945665e-01	2.328949e+01	4.748252e+00
1.246593272945666e-01	2.274270e+01	4.746531e+00
1.248546397945666e-01	2.221041e+01	4.744813e+00
1.250499522945666e-01	2.169220e+01	4.743099e+00
1.252452647945665e-01	2.118773e+01	4.741388e+00
1.254405772945665e-01	2.069662e+01	4.739679e+00
1.256358897945665e-01	2.021851e+01	4.737972e+00
1.258312022945665e-01	1.975307e+01	4.736267e+00
1.260265147945665e-01	1.929995e+01	4.734563e+00
1.262218272945665e-01	1.885883e+01	4.732860e+00
1.264171397945665e-01	1.842939e+01	4.731157e+00
1.266124522945665e-01	1.801132e+01	4.729454e+00
1.268077647945665e-01	1.760432e+01	4.727749e+00
1.270030772945664e-01	1.720810e+01	4.726044e+00
1.271983897945664e-01	1.682236e+01	4.724338e+00
1.273937022945664e-01	1.644683e+01	4.722629e+00
1.275890147945664e-01	1.608125e+01	4.720917e+00
1.277843272945664e-01	1.572534e+01	4.719202e+00
1.279796397945664e-01	1.537884e+01	4.717483e+00
1.281749522945664e-01	1.504152e+01	4.715760e+00
1.283702647945664e-01	1.471312e+01	4.714032e+00
1.285655772945664e-01	1.439342e+01	4.712298e+00
1.287608897945663e-01	1.408217e+01	4.710559e+00
1.289562022945663e-01	1.377915e+01	4.708812e+00
1.291515147945663e-01	1.348415e+01	4.707059e+00
1.293468272945663e-01	1.319695e+01	4.705297e+00
1.295421397945663e-01	1.291734e+01	4.703526e+00
1.297374522945663e-01	1.264513e+01	4.701746e+00
1.299327647945663e-01	1.238011e+01	4.699956e+00
1.301280772945663e-01	1.212210e+01	4.698155e+00
1.303233897945663e-01	1.187091e+01	4.696342e+00
1.305187022945662e-01	1.162636e+01	4.694516e+00
1.307140147945662e-01	1.138827e+01	4.692677e+00
1.309093272945662e-01	1.115647e+01	4.690823e+00
1.311046397945662e-01	1.093080e+01	4.688953e+00
1.312999522945662e-01	1.071108e+01	4.687067e+00
1.314952647945662e-01	1.049717e+01	4.685163e+00
1.316905772945662e-01	1.028890e+01	4.683239e+00
1.318858897945662e-01	1.008614e+01	4.681296e+00
1.320812022945662e-01	9.888721e+00	4.679331e+00
1.322765147945661e-01	9.696513e+00	4.677343e+00
1.324718272945661e-01	9.509377e+00	4.675330e+00
1.326671397945661e-01	9.327176e+00	4.673291e+00
1.328624522945661e-01	9.149780e+00	4.671224e+00
1.330577647945661e-01	8.977059e+00	4.669127e+00
1.332530772945661e-01	8.808890e+00	4.666998e+00
1.334483897945661e-01	8.645152e+00	4.664834e+00
1.336437022945661e-01	8.485726e+00	4.662634e+00
1.338390147945661e-01	8.387897e+00	4.661280e+00
1.340343272945660e-01	8.566955e+00	4.663759e+00
1.340922255032718e-01	8.884269e+00	4.667924e+00
1.341111710186201e-01	9.093081e+00	4.670533e+00
1.341254361760584e-01	9.278447e+00	4.672725e+00
1.341433396760957e-01	9.507835e+00	4.675274e+00
1.342357420440312e-01	1.067531e+01	4.686492e+00
1.344776495395835e-01	1.364959e+01	4.707487e+00
1.346729620395835e-01	1.596754e+01	4.719986e+00
1.348682745395835e-01	1.819893e+01	4.729995e+00
1.350635870395835e-01	2.032735e+01	4.738201e+00
1.352588995395834e-01	2.234128e+01	4.745121e+00
1.354542120395834e-01	2.422984e+01	4.751036e+00
1.356495245395834e-01	2.598280e+01	4.756121e+00
1.358448370395834e-01	2.759071e+01	4.760499e+00
1.360401495395834e-01	2.904491e+01	4.764255e+00
1.362354620395834e-01	3.033756e+01	4.767451e+00
1.364307745395834e-01	3.146174e+01	4.770133e+00
1.366260870395834e-01	3.241145e+01	4.772334e+00
1.368213995395834e-01	3.318168e+01	4.774078e+00
1.370167120395833e-01	3.376842e+01	4.775384e+00
1.372120245395833e-01	3.416874e+01	4.776264e+00
1.374073370395833e-01	3.438086e+01	4.776727e+00
1.376026495395833e-01	3.440425e+01	4.776778e+00
1.377979620395833e-01	3.423999e+01	4.776420e+00
1.379932745395833e-01	3.389162e+01	4.775655e+00
1.381885870395833e-01	3.336906e+01	4.774497e+00
1.383838995395833e-01	3.270285e+01	4.772998e+00
1.385792120395833e-01	3.195339e+01	4.771283e+00
1.387745245395832e-01	3.118429e+01	4.769487e+00
1.389698370395832e-01	3.042849e+01	4.767684e+00
1.391651495395832e-01	2.969255e+01	4.765891e+00
1.393604620395832e-01	2.897611e+01	4.764106e+00
1.395557745395832e-01	2.827866e+01	4.762329e+00
1.397510870395832e-01	2.759969e+01	4.760561e+00
1.399463995395832e-01	2.693871e+01	4.758799e+00
1.401417120395832e-01	2.629525e+01	4.757045e+00
1.403370245395832e-01	2.566883e+01	4.755297e+00
1.405323370395831e-01	2.505902e+01	4.753555e+00
1.407276495395831e-01	2.446535e+01	4.751820e+00
1.409229620395831e-01	2.388742e+01	4.750089e+00
1.411182745395831e-01	2.332480e+01	4.748363e+00
1.413135870395831e-01	2.277708e+01	4.746641e+00
1.415088995395831e-01	2.224387e+01	4.744923e+00
1.417042120395831e-01	2.172478e+01	4.743208e+00
1.418995245395831e-01	2.121944e+01	4.741497e+00
1.420948370395831e-01	2.072749e+01	4.739788e+00
1.422901495395830e-01	2.024857e+01	4.738081e+00
1.424854620395830e-01	1.978233e+01	4.736376e+00
1.426807745395830e-01	1.932844e+01	4.734672e+00
1.428760870395830e-01	1.888656e+01	4.732968e+00
1.430713995395830e-01	1.845639e+01	4.731265e+00
1.432667120395830e-01	1.803760e+01	4.729562e+00
1.434620245395830e-01	1.762991e+01	4.727858e+00
1.436573370395830e-01	1.723301e+01	4.726153e+00
1.438526495395830e-01	1.684661e+01	4.724446e+00
1.440479620395829e-01	1.647044e+01	4.722737e+00
1.442432745395829e-01	1.610423e+01	4.721026e+00
1.444385870395829e-01	1.574771e+01	4.719311e+00
1.446338995395829e-01	1.540063e+01	4.717593e+00
1.448292120395829e-01	1.506273e+01	4.715870e+00
1.450245245395829e-01	1.473377e+01	4.714142e+00
1.452198370395829e-01	1.441352e+01	4.712409e+00
1.454151495395829e-01	1.410173e+01	4.710670e+00
1.456104620395829e-01	1.379820e+01	4.708924e+00
1.458057745395828e-01	1.350269e+01	4.707170e+00
1.460010870395828e-01	1.321500e+01	4.705409e+00
1.461963995395828e-01	1.293492e+01	4.703639e+00
1.463917120395828e-01	1.266224e+01	4.701860e+00
1.465870245395828e-01	1.239677e+01	4.700070e+00
1.467823370395828e-01	1.213832e+01	4.698270e+00
1.469776495395828e-01	1.188671e+01	4.696458e+00
1.471729620395828e-01	1.164174e+01	4.694633e+00
1.473682745395828e-01	1.140324e+01	4.692794e+00
1.475635870395827e-01	1.117105e+01	4.690941e+00
1.477588995395827e-01	1.094499e+01	4.689073e+00
1.479542120395827e-01	1.072490e+01	4.687187e+00
1.481495245395827e-01	1.051062e+01	4.685285e+00
1.483448370395827e-01	1.030200e+01	4.683362e+00
1.485401495395827e-01	1.009888e+01	4.681420e+00
1.487354620395827e-01	9.901133e+00	4.679457e+00
1.489307745395827e-01	9.708597e+00	4.677470e+00
1.491260870395827e-01	9.521143e+00	4.675459e+00
1.493213995395826e-01	9.338631e+00	4.673422e+00
1.495167120395826e-01	9.160933e+00	4.671357e+00
1.497120245395826e-01	8.987918e+00	4.669261e+00
1.499073370395826e-01	8.819464e+00	4.667134e+00
1.501026495395826e-01	8.655447e+00	4.664973e+00
1.502979620395826e-01	8.495750e+00	4.662776e+00
1.504932745395826e-01	8.340091e+00	4.660541e+00
1.506535454762390e-01	8.253066e+00	4.659261e+00
1.506963354020891e-01	8.342591e+00	4.660554e+00
1.507354604183257e-01	8.601543e+00	4.664230e+00
1.507475796041076e-01	8.728441e+00	4.665944e+00
1.507640311816090e-01	8.931086e+00	4.668544e+00
1.507798936265953e-01	9.129899e+00	4.670954e+00
1.508116185165679e-01	9.530845e+00	4.675458e+00
1.509155601156479e-01	1.083964e+01	4.687856e+00
1.510314157470878e-01	1.227333e+01	4.698584e+00
1.512267282470878e-01	1.463543e+01	4.713074e+00
1.514220407470878e-01	1.692087e+01	4.724506e+00
1.516173532470878e-01	1.911026e+01	4.733644e+00
1.518126657470878e-01	2.119174e+01	4.741257e+00
1.520079782470878e-01	2.315405e+01	4.747728e+00
1.522032907470878e-01	2.498660e+01	4.753275e+00
1.523986032470878e-01	2.667947e+01	4.758049e+00
1.525939157470877e-01	2.822353e+01	4.762155e+00
1.527892282470877e-01	2.961047e+01	4.765668e+00
1.529845407470877e-01	3.083282e+01	4.768643e+00
1.531798532470877e-01	3.188406e+01	4.771119e+00
1.533751657470877e-01	3.275859e+01	4.773125e+00
1.535704782470877e-01	3.345182e+01	4.774682e+00
1.537657907470877e-01	3.396020e+01	4.775806e+00
1.539611032470877e-01	3.428126e+01	4.776510e+00
1.541564157470877e-01	3.441373e+01	4.776798e+00
1.543517282470876e-01	3.435769e+01	4.776677e+00
1.545470407470876e-01	3.411507e+01	4.776146e+00
1.547423532470876e-01	3.369127e+01	4.775213e+00
1.549376657470876e-01	3.310268e+01	4.773901e+00
1.551329782470876e-01	3.239264e+01	4.772292e+00
1.553282907470876e-01	3.162810e+01	4.770528e+00
1.555236032470876e-01	3.086252e+01	4.768724e+00
1.557189157470876e-01	3.011509e+01	4.766925e+00
1.559142282470876e-01	2.938745e+01	4.765135e+00
1.561095407470875e-01	2.867910e+01	4.763354e+00
1.563048532470875e-01	2.798952e+01	4.761581e+00
1.565001657470875e-01	2.731822e+01	4.759815e+00
1.566954782470875e-01	2.666470e+01	4.758057e+00
1.568907907470875e-01	2.602849e+01	4.756306e+00
1.570861032470875e-01	2.540915e+01	4.754560e+00
1.572814157470875e-01	2.480621e+01	4.752821e+00
1.574767282470875e-01	2.421924e+01	4.751087e+00
1.576720407470875e-01	2.364783e+01	4.749359e+00
1.578673532470874e-01	2.309155e+01	4.747634e+00
1.580626657470874e-01	2.255001e+01	4.745914e+00
1.582579782470874e-01	2.202282e+01	4.744198e+00
1.584532907470874e-01	2.150958e+01	4.742485e+00
1.586486032470874e-01	2.100995e+01	4.740774e+00
1.588439157470874e-01	2.052354e+01	4.739066e+00
1.590392282470874e-01	2.005002e+01	4.737360e+00
1.592345407470874e-01	1.958904e+01	4.735656e+00
1.594298532470874e-01	1.914026e+01	4.733952e+00
1.596251657470873e-01	1.870337e+01	4.732249e+00
1.598204782470873e-01	1.827805e+01	4.730546e+00
1.600157907470873e-01	1.786399e+01	4.728842e+00
1.602111032470873e-01	1.746089e+01	4.727138e+00
1.604064157470873e-01	1.706846e+01	4.725432e+00
1.606017282470873e-01	1.668642e+01	4.723724e+00
1.607970407470873e-01	1.631449e+01	4.722014e+00
1.609923532470873e-01	1.595241e+01	4.720302e+00
1.611876657470873e-01	1.559991e+01	4.718585e+00
1.613829782470872e-01	1.525673e+01	4.716865e+00
1.615782907470872e-01	1.492264e+01	4.715140e+00
1.617736032470872e-01	1.459739e+01	4.713410e+00
1.619689157470872e-01	1.428074e+01	4.711675e+00
1.621642282470872e-01	1.397248e+01	4.709933e+00
1.623595407470872e-01	1.367236e+01	4.708184e+00
1.625548532470872e-01	1.338018e+01	4.706428e+00
1.627501657470872e-01	1.309573e+01	4.704662e+00
1.629454782470872e-01	1.281880e+01	4.702888e+00
1.631407907470871e-01	1.254920e+01	4.701105e+00
1.633361032470871e-01	1.228672e+01	4.699311e+00
1.635314157470871e-01	1.203117e+01	4.697505e+00
1.637267282470871e-01	1.178239e+01	4.695688e+00
1.639220407470871e-01	1.154018e+01	4.693858e+00
1.641173532470871e-01	1.130436e+01	4.692013e+00
1.643126657470871e-01	1.107478e+01	4.690154e+00
1.645079782470871e-01	1.085126e+01	4.688278e+00
1.647032907470871e-01	1.063365e+01	4.686386e+00
1.648986032470870e-01	1.042178e+01	4.684475e+00
1.650939157470870e-01	1.021550e+01	4.682545e+00
1.652892282470870e-01	1.001467e+01	4.680593e+00
1.654845407470870e-01	9.819144e+00	4.678620e+00
1.656798532470870e-01	9.628773e+00	4.676623e+00
1.658751657470870e-01	9.443423e+00	4.674602e+00
1.660704782470870e-01	9.262961e+00	4.672552e+00
1.662657907470870e-01	9.087257e+00	4.670475e+00
1.664611032470870e-01	8.916185e+00	4.668366e+00
1.666564157470870e-01	8.749620e+00	4.666225e+00
1.668517282470869e-01	8.587443e+00	4.664049e+00
1.670470407470869e-01	8.429537e+00	4.661835e+00
1.672423532470869e-01	8.281196e+00	4.659677e+00
1.673429914534451e-01	8.293993e+00	4.659861e+00
1.673855149536499e-01	8.455284e+00	4.662187e+00
1.674054651414650e-01	8.633848e+00	4.664663e+00
1.674234684993106e-01	8.845426e+00	4.667441e+00
1.674463562003122e-01	9.128581e+00	4.670933e+00
1.674697613799747e-01	9.423248e+00	4.674320e+00
1.675545551363577e-01	1.049283e+01	4.684854e+00
1.678507166307161e-01	1.412446e+01	4.710181e+00
1.680460291307161e-01	1.642925e+01	4.722260e+00
1.682413416307161e-01	1.864066e+01	4.731799e+00
1.684366541307161e-01	2.074670e+01	4.739700e+00
1.686319666307161e-01	2.273599e+01	4.746399e+00
1.688272791307160e-01	2.459776e+01	4.752133e+00
1.690225916307160e-01	2.632195e+01	4.757066e+00
1.692179041307160e-01	2.789927e+01	4.761311e+00
1.694132166307160e-01	2.932121e+01	4.764948e+00
1.696085291307160e-01	3.058012e+01	4.768037e+00
1.698038416307160e-01	3.166926e+01	4.770618e+00
1.699991541307160e-01	3.258283e+01	4.772725e+00
1.701944666307160e-01	3.331602e+01	4.774379e+00
1.703897791307160e-01	3.386504e+01	4.775598e+00
1.705850916307159e-01	3.422718e+01	4.776392e+00
1.707804041307159e-01	3.440090e+01	4.776771e+00
1.709757166307159e-01	3.438597e+01	4.776738e+00
1.711710291307159e-01	3.418385e+01	4.776297e+00
1.713663416307159e-01	3.379885e+01	4.775451e+00
1.715616541307159e-01	3.324364e+01	4.774217e+00
1.717569666307159e-01	3.255476e+01	4.772662e+00
1.719522791307159e-01	3.179660e+01	4.770920e+00
1.721475916307159e-01	3.102865e+01	4.769119e+00
1.723429041307158e-01	3.027686e+01	4.767318e+00
1.725382166307158e-01	2.954494e+01	4.765526e+00
1.727335291307158e-01	2.883241e+01	4.763743e+00
1.729288416307158e-01	2.813877e+01	4.761968e+00
1.731241541307158e-01	2.746351e+01	4.760201e+00
1.733194666307158e-01	2.680614e+01	4.758441e+00
1.735147791307158e-01	2.616619e+01	4.756688e+00
1.737100916307158e-01	2.554319e+01	4.754941e+00
1.739054041307158e-01	2.493670e+01	4.753201e+00
1.741007166307157e-01	2.434628e+01	4.751466e+00
1.742960291307157e-01	2.377150e+01	4.749736e+00
1.744913416307157e-01	2.321195e+01	4.748011e+00
1.746866541307157e-01	2.266722e+01	4.746290e+00
1.748819666307157e-01	2.213692e+01	4.744573e+00
1.750772791307157e-01	2.162066e+01	4.742859e+00
1.752725916307157e-01	2.111809e+01	4.741148e+00
1.754679041307157e-01	2.062882e+01	4.739439e+00
1.756632166307157e-01	2.015251e+01	4.737733e+00
1.758585291307156e-01	1.968881e+01	4.736028e+00
1.760538416307156e-01	1.923739e+01	4.734324e+00
1.762491541307156e-01	1.879793e+01	4.732621e+00
1.764444666307156e-01	1.837011e+01	4.730918e+00
1.766397791307156e-01	1.795361e+01	4.729215e+00
1.768350916307156e-01	1.754813e+01	4.727510e+00
1.770304041307156e-01	1.715339e+01	4.725805e+00
1.772257166307156e-01	1.676911e+01	4.724098e+00
1.774210291307156e-01	1.639499e+01	4.722389e+00
1.776163416307155e-01	1.603078e+01	4.720676e+00
1.778116541307155e-01	1.567620e+01	4.718961e+00
1.780069666307155e-01	1.533101e+01	4.717241e+00
1.782022791307155e-01	1.499495e+01	4.715518e+00
1.783975916307155e-01	1.466779e+01	4.713789e+00
1.785929041307155e-01	1.434928e+01	4.712055e+00
1.787882166307155e-01	1.403920e+01	4.710314e+00
1.789835291307155e-01	1.373732e+01	4.708567e+00
1.791788416307155e-01	1.344342e+01	4.706812e+00
1.793741541307154e-01	1.315730e+01	4.705050e+00
1.795694666307154e-01	1.287874e+01	4.703278e+00
1.797647791307154e-01	1.260755e+01	4.701496e+00
1.799600916307154e-01	1.234353e+01	4.699705e+00
1.801554041307154e-01	1.208648e+01	4.697902e+00
1.803507166307154e-01	1.183624e+01	4.696087e+00
1.805460291307154e-01	1.159260e+01	4.694259e+00
1.807413416307154e-01	1.135540e+01	4.692418e+00
1.809366541307154e-01	1.112447e+01	4.690561e+00
1.811319666307153e-01	1.089964e+01	4.688690e+00
1.813272791307153e-01	1.068075e+01	4.686801e+00
1.815225916307153e-01	1.046764e+01	4.684895e+00
1.817179041307153e-01	1.026015e+01	4.682969e+00
1.819132166307153e-01	1.005814e+01	4.681022e+00
1.821085291307153e-01	9.861465e+00	4.679054e+00
1.823038416307153e-01	9.669977e+00	4.677062e+00
1.824991541307153e-01	9.483541e+00	4.675046e+00
1.826944666307153e-01	9.302021e+00	4.673003e+00
1.828897791307152e-01	9.125288e+00	4.670932e+00
1.830850916307152e-01	8.953213e+00	4.668830e+00
1.832804041307152e-01	8.785673e+00	4.666697e+00
1.834757166307152e-01	8.622546e+00	4.664528e+00
1.836710291307152e-01	8.463716e+00	4.662323e+00
1.838663416307152e-01	8.436708e+00	4.661920e+00
1.840616541307152e-01	8.670286e+00	4.665196e+00
1.840631217699326e-01	8.675448e+00	4.665266e+00
1.840660570483673e-01	8.691953e+00	4.665485e+00
1.840719276052368e-01	8.730900e+00	4.666000e+00
1.840784033516272e-01	8.783037e+00	4.666679e+00
1.840913548444080e-01	8.907308e+00	4.668260e+00
1.841071455779797e-01	9.078768e+00	4.670370e+00
1.841235873685880e-01	9.272526e+00	4.672654e+00
1.841427645172888e-01	9.508269e+00	4.675300e+00
1.841648509101758e-01	9.784786e+00	4.678222e+00
1.842001980648217e-01	1.022976e+01	4.682583e+00
1.844668560532234e-01	1.351980e+01	4.706721e+00
1.846621685532234e-01	1.584146e+01	4.719355e+00
1.848574810532234e-01	1.807820e+01	4.729494e+00
1.850527935532234e-01	2.021262e+01	4.737784e+00
1.852481060532234e-01	2.223316e+01	4.744767e+00
1.854434185532234e-01	2.412892e+01	4.750732e+00
1.856387310532234e-01	2.588963e+01	4.755859e+00
1.858340435532234e-01	2.750579e+01	4.760273e+00
1.860293560532233e-01	2.896869e+01	4.764062e+00
1.862246685532233e-01	3.027046e+01	4.767288e+00
1.864199810532233e-01	3.140412e+01	4.769998e+00
1.866152935532233e-01	3.236361e+01	4.772224e+00
1.868106060532233e-01	3.314387e+01	4.773993e+00
1.870059185532233e-01	3.374083e+01	4.775323e+00
1.872012310532233e-01	3.415152e+01	4.776227e+00
1.873965435532233e-01	3.437407e+01	4.776712e+00
1.875918560532233e-01	3.440788e+01	4.776786e+00
1.877871685532232e-01	3.425388e+01	4.776450e+00
1.879824810532232e-01	3.391543e+01	4.775708e+00
1.881777935532232e-01	3.340201e+01	4.774570e+00
1.883731060532232e-01	3.274254e+01	4.773088e+00
1.885684185532232e-01	3.199592e+01	4.771381e+00
1.887607988189545e-01	3.123812e+01	4.769614e+00
1.889561113189545e-01	3.048103e+01	4.767811e+00
1.891514238189545e-01	2.974370e+01	4.766016e+00
1.893467363189545e-01	2.902591e+01	4.764231e+00
1.895420488189545e-01	2.832714e+01	4.762454e+00
1.897373613189545e-01	2.764688e+01	4.760685e+00
1.899326738189545e-01	2.698465e+01	4.758923e+00
1.901279863189544e-01	2.633997e+01	4.757168e+00
1.903232988189544e-01	2.571237e+01	4.755420e+00
1.905186113189544e-01	2.510140e+01	4.753678e+00
1.907139238189544e-01	2.450661e+01	4.751942e+00
1.909092363189544e-01	2.392759e+01	4.750210e+00
1.911045488189544e-01	2.336390e+01	4.748484e+00
1.912998613189544e-01	2.281515e+01	4.746762e+00
1.914951738189544e-01	2.228093e+01	4.745044e+00
1.916904863189544e-01	2.176086e+01	4.743329e+00
1.918857988189543e-01	2.125457e+01	4.741617e+00
1.920811113189543e-01	2.076168e+01	4.739908e+00
1.922764238189543e-01	2.028185e+01	4.738201e+00
1.924717363189543e-01	1.981473e+01	4.736496e+00
1.926670488189543e-01	1.935998e+01	4.734792e+00
1.928623613189543e-01	1.891727e+01	4.733088e+00
1.930576738189543e-01	1.848628e+01	4.731385e+00
1.932529863189543e-01	1.806671e+01	4.729682e+00
1.934482988189543e-01	1.765824e+01	4.727978e+00
1.936436113189542e-01	1.726059e+01	4.726273e+00
1.938389238189542e-01	1.687346e+01	4.724566e+00
1.940342363189542e-01	1.649659e+01	4.722857e+00
1.942295488189542e-01	1.612968e+01	4.721147e+00
1.944248613189542e-01	1.577249e+01	4.719432e+00
1.946201738189542e-01	1.542475e+01	4.717714e+00
1.948154863189542e-01	1.508621e+01	4.715991e+00
1.950107988189542e-01	1.475663e+01	4.714264e+00
1.952061113189542e-01	1.443577e+01	4.712531e+00
1.954014238189541e-01	1.412340e+01	4.710793e+00
1.955967363189541e-01	1.381929e+01	4.709047e+00
1.957920488189541e-01	1.352323e+01	4.707294e+00
1.959873613189541e-01	1.323500e+01	4.705534e+00
1.961826738189541e-01	1.295439e+01	4.703764e+00
1.963779863189541e-01	1.268119e+01	4.701985e+00
1.965732988189541e-01	1.241523e+01	4.700197e+00
1.967686113189541e-01	1.215629e+01	4.698397e+00
1.969639238189541e-01	1.190419e+01	4.696586e+00
1.971592363189540e-01	1.165876e+01	4.694762e+00
1.973545488189540e-01	1.141982e+01	4.692924e+00
1.975498613189540e-01	1.118719e+01	4.691072e+00
1.977451738189540e-01	1.096070e+01	4.689204e+00
1.979404863189540e-01	1.074019e+01	4.687321e+00
1.981357988189540e-01	1.052551e+01	4.685419e+00
1.983311113189540e-01	1.031650e+01	4.683498e+00
1.985264238189540e-01	1.011300e+01	4.681558e+00
1.987217363189540e-01	9.914877e+00	4.679596e+00
1.989170488189539e-01	9.721979e+00	4.677611e+00
1.991123613189539e-01	9.534171e+00	4.675601e+00
1.993076738189539e-01	9.351316e+00	4.673566e+00
1.995029863189539e-01	9.173284e+00	4.671503e+00
1.996982988189539e-01	8.999943e+00	4.669410e+00
1.998936113189539e-01	8.830669e+00	4.667289e+00
2.000000000000000e-01	8.740027e+00	4.666122e+00
